1 1
30 1
2 2
3 2
6 2
9 2
10 2
14 2
16 2
18 2
20 2
21 2
22 2
23 2
25 2
26 2
28 2
33 2
34 2
35 2
37 2
38 2
40 2
42 2
43 2
44 2
45 2
46 2
48 2
50 2
52 2
53 2
54 2
55 2
56 2
57 2
58 2
62 2
63 2
64 2
65 2
67 2
68 2
69 2
70 2
71 2
72 2
74 2
75 2
76 2
77 2
78 2
79 2
80 2
81 2
82 2
83 2
84 2
85 2
86 2
87 2
88 2
89 2
90 2
91 2
92 2
93 2
94 2
95 2
96 2
97 2
98 2
99 2
100 2
101 2
102 2
4 4
7 4
8 4
11 4
12 4
15 4
17 4
19 4
24 4
31 4
32 4
36 4
41 4
5 5
13 5
27 5
29 5
39 5
47 5
49 5
59 5
60 5
61 5
66 5
73 5
51 51
